43	M	25	12	60614
51	F	1	10	10562
70	M	18	4	53703
74	M	35	14	94530
85	M	18	4	94945
98	F	35	7	33547
104	M	25	12	00926
110	M	25	2	90803
114	F	25	2	83712
115	M	25	17	28083
122	F	18	4	94305
144	M	25	17	29401
166	M	18	4	92802
176	F	18	3	55016
196	F	35	9	94587
198	M	25	12	55108
204	M	25	7	92123
213	F	18	4	01609
218	M	35	14	95822
238	F	50	7	90291
239	M	18	19	94618
241	M	35	20	55121
252	M	25	12	94112
260	M	18	19	98126
269	M	25	2	55408
279	M	25	14	91214
295	M	18	0	80203
298	F	18	4	19010
302	M	18	4	04901
303	M	25	7	20006
314	F	56	9	46911
325	F	50	3	55112
340	F	25	3	28001
344	M	35	14	75034
345	M	25	12	94114
357	M	18	0	98103
374	F	35	14	55346
377	M	25	17	55418
386	M	25	0	55408
427	M	35	12	55104
447	F	45	11	55105
456	M	35	0	55105
463	M	25	7	55105
469	M	35	6	55122
476	M	35	0	55127
488	M	25	12	55107
498	M	35	17	55113
504	M	25	2	17003
505	M	35	17	37815
518	F	35	12	75240
525	M	35	6	19027
531	F	18	14	22206
544	M	35	12	94538
557	M	56	1	30030
558	M	35	20	55108
575	M	25	12	92130
576	F	45	15	20910
579	M	25	5	32839
581	M	50	14	73543
587	M	25	20	92649
589	M	18	2	90210
626	M	18	4	77005
639	M	45	17	85202
645	M	35	20	11215
646	M	35	7	08505
652	M	18	20	12222
653	M	56	13	92660
654	M	50	7	75023
664	M	35	18	74601
672	M	35	7	46845
675	M	25	20	02048
677	M	50	2	94122
680	M	25	12	37013
690	M	25	12	90717
697	F	50	6	97330
707	M	35	7	17740
710	M	25	20	85207
731	M	45	3	55410
732	M	25	7	07030
737	M	1	19	53711
741	M	25	5	44095
767	M	25	12	45241
786	M	25	0	55987
790	M	25	17	45694
791	M	35	7	27511
803	M	18	4	67217
805	M	35	12	37211
810	M	25	12	98006
812	M	25	6	37930
842	F	18	0	55102
858	M	35	14	10013
862	M	35	7	10019
867	M	45	12	95814
875	M	1	10	94707
881	M	18	14	76401
887	F	56	16	55345
898	M	25	7	77005
904	M	35	20	92308
924	M	50	17	98642
930	M	25	5	98380
933	M	45	1	49419
951	M	45	2	10009
963	M	25	0	48197
983	F	25	16	99224
1000	F	25	6	90027
1029	M	25	0	20015
1037	M	45	7	02081
1041	M	45	2	94306
1046	M	56	18	53404-1230
1054	M	1	10	75040
1066	M	45	12	02151
1106	M	18	4	90241
1114	F	18	9	75801
1123	M	50	0	91789
1126	M	56	16	13031
1134	M	18	20	19114
1138	M	18	12	12047
1148	M	35	17	92618
1154	F	1	10	53545
1170	M	56	3	10023
1174	F	18	16	91780
1180	F	50	20	95503
1228	M	25	1	94720
1241	M	1	10	11803
1250	M	50	0	10573
1252	M	56	13	94134
1274	M	45	7	37343
1285	M	35	4	98125
1289	M	45	6	78750
1292	M	25	7	94904
1293	M	25	5	60074
1332	M	25	7	02840
1343	M	35	14	91324
1357	M	45	0	34116
1366	M	1	10	89509
1369	M	25	5	12308
1395	M	25	2	07026
1410	M	50	7	94404
1415	M	45	14	22901
1420	M	18	4	01375
1422	M	35	17	55934
1427	M	25	12	21401
1428	F	45	11	40204
1438	M	18	2	21222
1444	F	25	4	91106
1445	M	25	2	98109
1469	M	56	20	95420
1477	F	45	1	90601
1491	M	18	4	06511
1494	M	25	17	38104
1503	M	25	12	92688
1517	M	18	0	10002
1524	M	18	4	06459
1535	F	18	20	90036
1544	M	25	12	63146
1546	M	25	4	22903
1556	M	18	4	48073
1560	F	25	3	85226
1587	F	25	3	30308
1615	F	45	7	10022
1616	M	25	0	16101
1625	M	45	0	04330
1630	M	45	17	91355
1631	F	50	0	94514
1652	M	25	16	98208
1659	F	18	9	99703
1698	M	35	2	97214
1707	M	50	1	95070
1716	M	25	0	43229
1729	M	25	7	53715
1734	M	45	17	94602
1743	M	35	17	77566
1755	F	18	4	77005
1759	M	25	16	22112
1762	M	25	14	75230
1772	M	56	2	90680
1792	F	25	2	53523
1799	M	35	11	70118
1834	M	35	5	10990
1867	M	50	7	95008
1870	M	56	13	85248
1889	M	18	14	80023
1906	F	25	5	91311
1911	F	18	4	92805
1927	M	35	7	94806
1931	M	25	2	94114
1934	M	25	17	95014
1952	M	35	1	91030
1961	F	50	3	91911
1971	F	25	14	80230
1973	M	25	1	22903
1981	M	56	1	80303
1987	M	25	17	62629
1996	M	35	0	85621
2011	F	35	3	01545
2022	M	25	7	60137
2023	M	18	4	56001
2026	M	50	16	49277
2040	F	25	7	02494
2049	F	50	0	13210
2074	M	18	4	48197
2076	M	18	4	13165
2090	M	35	17	48313
2094	M	35	2	60061
2095	M	56	13	58504
2098	M	35	20	48067
2110	M	50	11	46802
2114	M	18	18	21740
2117	M	56	13	49307
2124	M	25	0	12306
2126	M	56	14	02632
2127	M	18	4	12309
2135	M	50	1	01778
2144	M	18	0	46517
2153	M	18	16	97405
2157	F	18	3	45244
2161	F	35	2	95521
2163	M	18	0	87122
2182	F	25	4	60443
2188	F	18	19	60641
2221	M	56	17	94931
2242	M	18	4	60115
2253	F	50	0	46815
2263	M	25	6	70508
2267	F	56	13	37774
2279	M	50	7	08816
2283	M	35	18	44708
2289	F	50	1	52002
2296	F	25	6	22923
2297	M	56	13	52003
2307	M	25	17	02140
2340	M	35	2	48104
2354	M	35	11	94306
2358	F	56	6	06074
2376	M	25	1	13210
2412	M	56	13	01501
2415	M	25	7	22407
2422	F	50	9	02865
2433	M	25	4	22903
2435	M	25	4	22903
2444	F	45	4	42420
2461	M	18	4	98117
2464	F	18	4	44106
2471	M	50	13	98683
2479	F	25	1	23454
2480	F	18	20	94410
2491	M	35	7	22904
2493	M	45	2	90631
2494	M	18	4	52003
2498	M	56	18	70817
2505	M	25	7	55405
2512	F	45	14	36109
2515	M	45	12	37914
2519	F	45	2	14850
2528	M	56	0	37922
2535	F	56	2	03431
2540	F	45	6	42420
2546	F	56	13	37931
2556	M	25	4	02430
2579	M	35	15	91411
2589	M	25	0	19004
2590	M	18	4	94044
2611	M	25	3	07719
2634	M	56	1	15701
2639	F	25	6	80236
2652	M	35	20	84010
2658	M	25	7	60115
2659	M	35	14	01060
2664	M	35	7	52402
2669	M	45	0	24541
2670	M	35	6	94598
2673	M	35	7	77040
2674	M	25	4	94110
2678	M	25	6	49707
2679	F	18	4	02143
2682	M	18	4	43210
2684	F	18	0	19143
2685	M	45	7	02116
2688	M	25	17	54915
2691	M	18	4	06459
2709	F	25	0	60660
2716	F	50	4	96825
2718	F	25	4	96817
2730	M	35	11	48640
2743	M	25	14	72601
2755	M	35	7	29631
2759	M	25	7	36102
2762	M	50	16	63131
2769	M	25	7	20170
2774	M	25	1	92103
2777	M	18	4	95326
2779	M	35	7	10040
2785	M	56	13	29928
2789	M	18	4	90025
2795	M	50	13	33710
2800	F	18	4	73070
2803	M	25	7	94022
2806	M	1	10	15208
2808	M	56	16	60610
2814	M	35	7	02127
2817	M	35	12	53130
2831	M	25	0	32225
2873	F	18	4	64093
2883	M	18	20	30101
2901	M	25	17	78749
2907	F	35	5	12345
2913	F	35	20	98119
2922	M	25	17	52402
2926	F	18	2	55118
2928	M	25	2	90068
2943	M	35	12	95864
2951	F	35	14	94303
2959	M	35	17	06074
2992	M	18	4	14853
2995	M	25	15	97333
2996	M	18	0	63011
2999	M	25	7	33813
3001	M	18	4	94704
3008	M	18	4	94403
3014	M	35	7	06430
3040	M	25	8	22046
3049	F	50	0	02421
3068	F	35	9	66204
3073	M	25	0	90028
3085	M	25	4	78703
3100	F	25	6	91423
3106	M	25	0	33142
3116	M	25	12	98034
3121	M	25	2	32118
3123	M	25	2	90401
3125	M	25	7	10025
3128	M	18	2	10012
3134	M	18	4	55455
3138	M	35	17	46229
3149	M	18	4	92602
3150	F	25	3	92831
3157	M	25	12	92880
3164	M	18	12	55118
3169	M	50	0	23518
3188	M	56	13	55344
3192	M	18	4	02912
3204	M	45	16	80304
3235	M	18	4	87801
3242	M	50	13	94089
3244	F	18	4	92647
3253	F	35	4	26505
3262	M	25	14	55391
3265	M	25	15	53704
3273	M	35	7	11201
3275	M	35	7	10028
3288	M	25	14	94133
3294	M	18	4	78749
3314	M	25	7	06516
3318	M	56	13	30047
3321	M	35	1	95380
3327	M	18	12	91423
3328	M	56	19	91790-1161
3360	F	25	0	92646
3371	M	25	2	55405
3395	M	25	7	02134
3407	F	45	5	60050
3411	M	18	4	02139
3421	M	45	7	94501
3424	M	25	6	92111
3427	M	25	14	78267
3452	M	25	14	07702
3468	M	25	20	94546
3470	M	35	17	49887
3484	M	18	4	28403
3491	M	25	16	28542
3509	M	18	4	02115
3533	M	25	2	55344
3560	F	25	6	74105
3565	M	25	18	53572
3572	M	35	11	04287
3574	F	35	6	33314
3581	M	18	1	57382
3585	M	35	20	60640
3614	M	25	0	45458
3632	M	50	11	33881
3638	M	25	2	90038
3654	M	25	17	94901
3662	M	35	16	08753
3663	F	35	9	17055
3670	M	45	14	55123
3688	M	18	6	21202
3708	M	56	7	30097
3714	M	25	17	92111
3734	M	18	4	77840
3736	M	35	1	44242
3740	M	18	5	55116
3742	M	25	0	90266
3744	M	25	0	60645
3747	M	45	13	89109
3748	M	18	4	02026
3751	F	35	12	55555
3753	M	25	7	42518
3757	M	25	7	92612
3765	F	50	3	34744
3772	M	35	17	06074
3775	M	35	12	14619
3776	F	25	4	50265
3785	F	25	20	93401
3786	F	25	0	94115
3789	F	25	0	94110
3797	M	25	7	02420
3804	M	25	6	06511
3806	M	18	4	55104
3810	M	50	7	20016
3812	M	35	17	78749
3828	M	25	20	92101
3836	F	50	8	84770
3850	M	18	3	92278
3852	M	50	16	60302
3867	M	35	3	45215
3869	M	18	17	63544
3874	M	25	7	92103
3895	F	35	0	20723
3901	M	18	14	85282
3928	M	25	0	55812
3935	M	35	18	72118
3939	M	45	7	91405
3941	M	45	17	40031
3954	M	18	4	32601
3963	M	50	20	30030
3967	F	18	2	13603
3974	M	35	0	30741
3995	M	35	17	22810
4006	M	1	7	48038
4011	M	25	17	85210
4017	M	25	14	17972
4018	F	45	20	75214
4027	F	25	7	12533
4056	M	1	10	28270
4060	M	25	18	55412
4079	M	35	17	26505
4087	M	1	4	63376
4093	M	25	4	70806
4101	M	18	4	23233
4110	F	45	7	41722
4118	M	25	3	91221
4134	F	45	12	85283
4141	M	35	17	95014
4143	F	25	5	60441
4144	M	18	4	02451
4165	F	25	14	94114
4167	M	25	20	22032
4179	F	35	20	94949
4182	M	25	18	80903
4184	M	50	7	32114
4209	M	56	0	37363
4212	M	56	18	56716
4227	M	25	19	11414-2520
4229	M	35	17	94010
4230	M	56	13	34235
4238	M	35	16	44691
4239	M	50	7	52402
4246	F	35	7	48034
4249	F	18	17	65203
4256	F	1	2	78945
4278	F	45	7	09094
4279	M	25	16	43215
4288	F	25	9	46580
4289	M	35	14	32068
4292	M	25	0	98178
4299	F	25	2	43617
4306	M	45	7	67301
4350	M	18	2	29118
4354	M	35	14	78611
4355	M	50	14	08028
4360	F	25	9	98001
4362	M	25	17	85016
4384	M	25	0	43623
4387	F	18	4	63109
4398	F	18	4	43612
4400	F	18	4	43402
4427	M	18	0	51104
4474	M	35	7	28805
4494	M	45	0	33460
4509	M	25	7	38261
4512	M	25	1	16508
4530	F	35	1	92103
4542	M	35	0	94610
4544	M	56	1	53705
4554	F	25	9	48306
4560	M	25	0	69301
4563	F	25	6	22903
4570	M	45	17	60185
4579	F	18	4	63332
4589	M	25	17	02139
4599	F	35	0	04287
4600	M	25	0	46240
4628	F	56	6	23225
4631	M	18	4	94111
4653	M	35	12	95051
4654	M	35	20	94574
4656	M	25	17	94041
4660	F	18	4	06074
4671	M	25	12	94043
4695	M	18	18	56002
4704	M	18	20	02601
4711	M	25	17	32250
4713	M	25	17	90245
4723	M	35	7	90014-1718
4731	M	25	17	98033
4746	M	50	1	19087-3622
4754	F	18	0	91107
4767	F	35	9	03769
4769	M	25	1	02571
4770	F	35	7	10012
4772	M	56	17	03801
4776	F	25	3	46227
4783	M	25	0	60618
4808	M	35	0	96707-1321
4813	F	35	9	46077
4817	M	25	1	20912
4821	M	18	19	75080
4840	F	45	6	63135
4845	F	25	1	55413
4865	F	35	14	02130
4870	F	35	3	04108
4877	M	25	4	94703
4882	M	45	11	03301
4885	M	56	1	23513
4887	M	18	2	19072
4889	M	18	4	63108
4902	M	35	14	84057
4928	F	25	3	92103
4930	M	50	17	63033
4968	F	50	20	95404
4974	M	35	20	94131
4979	M	35	2	55423
4986	M	18	12	55401
4987	F	56	8	90210
5003	M	35	12	49508
5007	F	18	4	91030
5029	M	25	4	70115
5032	M	18	17	02139
5036	M	35	7	14850
5046	M	25	16	60614
5063	F	1	10	22801
5075	M	50	6	97470
5084	M	18	4	10013
5090	F	35	19	75069
5097	M	56	16	19131
5102	M	25	12	90240
5109	F	45	6	19802
5115	M	56	12	02143
5125	M	45	0	10016
5129	M	45	17	40515
5140	M	25	6	35205
5168	M	35	7	01720
5186	M	35	12	96555
5232	M	25	4	14607
5240	F	25	0	94104
5241	F	25	4	02138
5245	F	45	1	27615
5252	M	25	20	60622
5255	M	1	10	55305
5260	M	35	7	78705
5267	M	35	7	20191
5275	M	25	17	60611
5276	F	25	4	91740
5296	F	1	0	27245
5300	M	25	20	94111
5328	F	25	4	91740
5331	M	35	14	06880
5332	M	18	4	30332
5335	M	25	14	75093
5354	F	45	3	78759
5355	M	56	0	78232
5383	M	35	1	55430
5388	F	18	4	10580
5396	M	25	6	89118
5403	M	1	10	59801
5423	F	50	5	60714
5429	F	25	1	02460
5480	F	25	14	07030
5490	M	45	17	80907
5495	F	18	4	95076
5501	M	25	2	33334
5511	M	45	1	92407
5513	M	35	1	91768
5519	M	35	15	33167
5548	F	18	4	02138
5552	M	50	7	23233
5560	F	35	17	98036
5574	M	25	0	20878
5576	M	25	4	55369
5582	M	45	1	50011
5593	M	50	16	90210
5609	F	50	1	30602
5647	M	18	1	62522
5667	M	35	7	10009
5676	M	25	20	78746
5683	F	18	9	94538
5696	F	25	14	97367
5697	M	25	0	95826
5698	M	35	14	55418
5700	F	18	14	55426
5701	M	25	7	55311
5712	M	35	1	90024
5716	M	1	10	03756
5720	M	25	0	60610
5727	M	25	4	92843
5733	M	25	4	48109
5739	M	25	7	90212
5745	F	18	4	90024
5747	M	25	0	03755
5755	F	35	2	78744
5758	F	50	1	29642
5776	M	18	12	97205
5779	M	25	5	10011
5840	F	1	0	44260
5853	M	50	19	13903
5863	F	25	14	89511
5866	F	25	6	06114
5904	F	45	12	954025
5905	F	35	20	78006
5906	F	18	4	19803
5907	M	25	2	11217
5911	F	25	17	80301
5941	F	25	0	60640
5942	M	45	1	01867
5951	M	18	4	77005
5960	F	45	0	70460
5967	M	50	16	73069-5429
5998	M	18	4	61820
5999	F	25	1	55455
6000	M	45	17	30075
6001	F	25	7	94117
6002	M	50	0	43231
6016	M	45	1	37209
6024	M	25	12	53705
6040	M	25	6	11106
